cam_04 23 2 1
cam_04 10 2 1
cam_04 29 1 1
cam_04 31 2 1
cam_04 115 1 1
cam_04 37 2 1
cam_04 38 2 1
cam_04 37 2 1
cam_04 49 1 1
cam_04 49 2 1
cam_04 59 2 1
cam_04 61 1 1
cam_04 40 1 1
cam_04 61 2 1
cam_04 70 2 1
cam_04 67 2 1
cam_04 89 2 1
cam_04 97 1 1
cam_04 91 2 1
cam_04 100 2 1
cam_04 103 1 1
cam_04 110 2 1
cam_04 113 2 1
cam_04 112 1 1
cam_04 113 2 1
cam_04 136 1 1
cam_04 125 2 1
cam_04 130 1 1
cam_04 142 2 1
cam_04 142 2 1
cam_04 124 1 1
cam_04 149 2 1
cam_04 151 1 1
cam_04 145 2 1
cam_04 158 2 1
cam_04 152 2 1
cam_04 160 2 1
cam_04 164 2 1
cam_04 227 1 1
cam_04 235 1 1
cam_04 206 1 1
cam_04 199 1 1
cam_04 191 2 1
cam_04 185 1 1
cam_04 188 1 1
cam_04 181 1 1
cam_04 188 2 1
cam_04 208 2 1
cam_04 199 2 1
cam_04 274 2 1
cam_04 263 1 1
cam_04 190 1 1
cam_04 322 1 1
cam_04 227 1 1
cam_04 233 2 1
cam_04 211 2 1
cam_04 283 1 1
cam_04 247 1 1
cam_04 238 2 1
cam_04 241 2 1
cam_04 241 2 1
cam_04 245 2 1
cam_04 251 2 1
cam_04 256 1 1
cam_04 251 2 1
cam_04 259 2 1
cam_04 254 2 1
cam_04 256 2 1
cam_04 268 2 1
cam_04 269 2 1
cam_04 298 2 1
cam_04 301 1 1
cam_04 295 2 1
cam_04 317 1 1
cam_04 319 2 1
cam_04 325 2 1
cam_04 325 2 1
cam_04 328 2 1
cam_04 328 1 1
cam_04 323 2 1
cam_04 334 1 1
cam_04 334 2 1
cam_04 329 2 1
cam_04 335 2 1
cam_04 337 2 1
cam_04 344 2 1
cam_04 353 1 1
cam_04 338 2 1
cam_04 340 2 1
cam_04 350 1 1
cam_04 368 2 1
cam_04 355 2 1
cam_04 343 2 1
cam_04 349 2 1
cam_04 356 2 1
cam_04 352 2 1
cam_04 356 1 1
cam_04 353 2 1
cam_04 365 2 1
cam_04 367 1 1
cam_04 358 1 1
cam_04 388 2 1
cam_04 398 1 1
cam_04 383 1 1
cam_04 394 2 1
cam_04 389 1 1
cam_04 394 1 1
cam_04 399 2 1
cam_04 397 1 1
cam_04 399 2 1
cam_04 399 1 1
cam_04 399 1 1
cam_04 394 2 1
cam_04 399 1 1
cam_04 395 2 1
cam_04 399 1 1
cam_04 399 1 1
cam_04 399 2 1
cam_04 399 2 1
cam_04 399 2 1
cam_04 116 2 2
cam_04 250 2 2
cam_04 41 2 3
cam_04 364 2 3
cam_04 74 2 4
cam_04 22 2 4
cam_04 374 1 4
