1 cam_04 23 2 1
2 cam_04 10 2 1
3 cam_04 29 1 1
4 cam_04 31 2 1
5 cam_04 115 1 1
6 cam_04 37 2 1
7 cam_04 38 2 1
8 cam_04 37 2 1
9 cam_04 49 1 1
10 cam_04 49 2 1
11 cam_04 59 2 1
12 cam_04 61 1 1
14 cam_04 40 1 1
18 cam_04 61 2 1
19 cam_04 70 2 1
21 cam_04 67 2 1
22 cam_04 89 2 1
27 cam_04 97 1 1
28 cam_04 91 2 1
29 cam_04 100 2 1
30 cam_04 103 1 1
31 cam_04 110 2 1
32 cam_04 113 2 1
36 cam_04 112 1 1
37 cam_04 113 2 1
41 cam_04 136 1 1
43 cam_04 125 2 1
44 cam_04 130 1 1
48 cam_04 142 2 1
49 cam_04 142 2 1
50 cam_04 124 1 1
52 cam_04 149 2 1
53 cam_04 151 1 1
54 cam_04 145 2 1
55 cam_04 158 2 1
56 cam_04 152 2 1
57 cam_04 160 2 1
58 cam_04 164 2 1
59 cam_04 227 1 1
62 cam_04 235 1 1
63 cam_04 206 1 1
64 cam_04 199 1 1
65 cam_04 191 2 1
66 cam_04 185 1 1
67 cam_04 188 1 1
69 cam_04 181 1 1
71 cam_04 188 2 1
76 cam_04 208 2 1
78 cam_04 199 2 1
79 cam_04 274 2 1
81 cam_04 263 1 1
82 cam_04 190 1 1
84 cam_04 322 1 1
87 cam_04 227 1 1
90 cam_04 233 2 1
91 cam_04 211 2 1
92 cam_04 283 1 1
94 cam_04 247 1 1
95 cam_04 238 2 1
98 cam_04 241 2 1
100 cam_04 241 2 1
101 cam_04 245 2 1
103 cam_04 251 2 1
104 cam_04 256 1 1
105 cam_04 251 2 1
107 cam_04 259 2 1
108 cam_04 254 2 1
109 cam_04 256 2 1
110 cam_04 268 2 1
112 cam_04 269 2 1
114 cam_04 298 2 1
115 cam_04 301 1 1
116 cam_04 295 2 1
117 cam_04 317 1 1
118 cam_04 319 2 1
119 cam_04 325 2 1
122 cam_04 325 2 1
123 cam_04 328 2 1
124 cam_04 328 1 1
126 cam_04 323 2 1
127 cam_04 334 1 1
128 cam_04 334 2 1
129 cam_04 329 2 1
130 cam_04 335 2 1
131 cam_04 337 2 1
132 cam_04 344 2 1
133 cam_04 353 1 1
134 cam_04 338 2 1
137 cam_04 340 2 1
138 cam_04 350 1 1
139 cam_04 368 2 1
140 cam_04 355 2 1
141 cam_04 343 2 1
142 cam_04 349 2 1
143 cam_04 356 2 1
144 cam_04 352 2 1
145 cam_04 356 1 1
146 cam_04 353 2 1
147 cam_04 365 2 1
149 cam_04 367 1 1
150 cam_04 358 1 1
152 cam_04 388 2 1
154 cam_04 398 1 1
155 cam_04 383 1 1
156 cam_04 394 2 1
158 cam_04 389 1 1
161 cam_04 394 1 1
162 cam_04 399 2 1
163 cam_04 397 1 1
164 cam_04 399 2 1
165 cam_04 399 1 1
167 cam_04 399 1 1
168 cam_04 394 2 1
170 cam_04 399 1 1
174 cam_04 395 2 1
175 cam_04 399 1 1
176 cam_04 399 1 1
178 cam_04 399 2 1
179 cam_04 399 2 1
180 cam_04 399 2 1
1 cam_04 116 2 2
2 cam_04 250 2 2
1 cam_04 41 2 3
3 cam_04 364 2 3
1 cam_04 74 2 4
2 cam_04 22 2 4
3 cam_04 374 1 4
